{
 "cells": [
  {
   "cell_type": "code",
   "execution_count": 4,
   "metadata": {},
   "outputs": [
    {
     "name": "stdout",
     "output_type": "stream",
     "text": [
      "[['Leyendo datos ando: ', -3.76, 0.07, 1.0], ['Leyendo datos ando: ', -2.95, 0.37, 1.0], ['Leyendo datos ando: ', -3.37, -0.3, 1.0], ['Leyendo datos ando: ', 1.89, 2.87, 0.0], ['Leyendo datos ando: ', -4.77, -1.33, 1.0], ['Leyendo datos ando: ', 1.63, 3.33, 0.0], ['Leyendo datos ando: ', 0.99, 3.27, 0.0], ['Leyendo datos ando: ', -4.44, -1.08, 1.0], ['Leyendo datos ando: ', -3.62, -0.26, 1.0], ['Leyendo datos ando: ', 0.47, 2.62, 0.0], ['Leyendo datos ando: ', -4.83, -0.52, 1.0], ['Leyendo datos ando: ', -4.05, 1.46, 1.0], ['Leyendo datos ando: ', -1.51, 0.15, 1.0], ['Leyendo datos ando: ', -4.31, 0.46, 1.0], ['Leyendo datos ando: ', 2.14, 4.03, 0.0], ['Leyendo datos ando: ', 0.72, 6.32, 0.0], ['Leyendo datos ando: ', -4.18, 0.64, 1.0], ['Leyendo datos ando: ', -5.04, 1.29, 1.0], ['Leyendo datos ando: ', 0.86, 5.93, 0.0], ['Leyendo datos ando: ', 0.42, 3.65, 0.0], ['Leyendo datos ando: ', 0.09, 3.14, 0.0], ['Leyendo datos ando: ', -0.23, 3.54, 0.0], ['Leyendo datos ando: ', -4.35, 2.13, 1.0], ['Leyendo datos ando: ', 0.41, 2.25, 0.0], ['Leyendo datos ando: ', 0.44, 4.05, 0.0], ['Leyendo datos ando: ', -5.2, 0.49, 1.0], ['Leyendo datos ando: ', -5.67, 1.63, 1.0], ['Leyendo datos ando: ', 0.66, 2.42, 0.0], ['Leyendo datos ando: ', -4.86, 0.64, 1.0], ['Leyendo datos ando: ', -4.31, -1.41, 1.0], ['Leyendo datos ando: ', 0.34, 4.31, 0.0], ['Leyendo datos ando: ', 0.97, 3.69, 0.0], ['Leyendo datos ando: ', -3.14, 0.85, 1.0], ['Leyendo datos ando: ', -4.64, 1.08, 1.0], ['Leyendo datos ando: ', -3.53, -0.34, 1.0], ['Leyendo datos ando: ', -2.45, 0.91, 1.0], ['Leyendo datos ando: ', 2.06, 5.5, 0.0], ['Leyendo datos ando: ', 1.76, 6.14, 0.0], ['Leyendo datos ando: ', 0.21, 1.74, 0.0], ['Leyendo datos ando: ', -5.09, 0.3, 1.0], ['Leyendo datos ando: ', -3.35, 0.71, 1.0], ['Leyendo datos ando: ', -6.21, -0.74, 1.0], ['Leyendo datos ando: ', -1.23, 3.9, 0.0], ['Leyendo datos ando: ', -0.3, 5.05, 0.0], ['Leyendo datos ando: ', -4.71, -0.51, 1.0], ['Leyendo datos ando: ', -3.54, 0.53, 1.0], ['Leyendo datos ando: ', 2.0, 3.06, 0.0], ['Leyendo datos ando: ', -1.9, 3.19, 0.0], ['Leyendo datos ando: ', -5.25, 0.59, 1.0], ['Leyendo datos ando: ', -3.96, 0.5, 1.0], ['Leyendo datos ando: ', 0.82, 5.94, 0.0], ['Leyendo datos ando: ', -4.9, 0.95, 1.0], ['Leyendo datos ando: ', -5.02, 1.56, 1.0], ['Leyendo datos ando: ', -5.42, 0.08, 1.0], ['Leyendo datos ando: ', -4.7, 0.03, 1.0], ['Leyendo datos ando: ', -3.32, -0.43, 1.0], ['Leyendo datos ando: ', 1.16, 5.33, 0.0], ['Leyendo datos ando: ', -4.32, 1.21, 1.0], ['Leyendo datos ando: ', 0.93, 3.54, 0.0], ['Leyendo datos ando: ', 0.25, 3.93, 0.0], ['Leyendo datos ando: ', 1.45, 6.1, 0.0], ['Leyendo datos ando: ', 1.5, 4.84, 0.0], ['Leyendo datos ando: ', 2.5, 3.04, 0.0], ['Leyendo datos ando: ', -0.17, 3.96, 0.0], ['Leyendo datos ando: ', 0.94, 4.73, 0.0], ['Leyendo datos ando: ', 0.14, 4.19, 0.0], ['Leyendo datos ando: ', -4.71, -1.46, 1.0], ['Leyendo datos ando: ', 1.7, 3.31, 0.0], ['Leyendo datos ando: ', -0.01, 5.06, 0.0], ['Leyendo datos ando: ', -0.35, 4.4, 0.0], ['Leyendo datos ando: ', -4.26, 0.49, 1.0], ['Leyendo datos ando: ', -4.2, 0.7, 1.0], ['Leyendo datos ando: ', 2.5, 4.4, 0.0], ['Leyendo datos ando: ', -4.94, -1.53, 1.0], ['Leyendo datos ando: ', 1.07, 3.76, 0.0], ['Leyendo datos ando: ', -0.01, 3.45, 0.0], ['Leyendo datos ando: ', -4.87, 0.7, 1.0], ['Leyendo datos ando: ', 0.42, 3.57, 0.0], ['Leyendo datos ando: ', -4.5, 0.37, 1.0], ['Leyendo datos ando: ', -3.33, 0.7, 1.0], ['Leyendo datos ando: ', 1.9, 5.87, 0.0], ['Leyendo datos ando: ', 1.86, 2.3, 0.0], ['Leyendo datos ando: ', 2.12, 5.28, 0.0], ['Leyendo datos ando: ', 1.64, 4.0, 0.0], ['Leyendo datos ando: ', -4.91, 0.18, 1.0], ['Leyendo datos ando: ', 1.17, 3.1, 0.0], ['Leyendo datos ando: ', 0.06, 4.54, 0.0], ['Leyendo datos ando: ', -5.4, 0.28, 1.0], ['Leyendo datos ando: ', -0.61, 4.81, 0.0], ['Leyendo datos ando: ', -4.61, -0.32, 1.0], ['Leyendo datos ando: ', 2.03, 5.02, 0.0], ['Leyendo datos ando: ', -4.69, 0.09, 1.0], ['Leyendo datos ando: ', -2.19, 1.41, 1.0], ['Leyendo datos ando: ', -0.38, 5.55, 0.0], ['Leyendo datos ando: ', -4.98, 0.29, 1.0], ['Leyendo datos ando: ', -4.6, 0.94, 1.0], ['Leyendo datos ando: ', 1.66, 4.41, 0.0], ['Leyendo datos ando: ', 0.74, 3.81, 0.0], ['Leyendo datos ando: ', -4.28, -0.31, 1.0], ['Leyendo datos ando: ', -3.74, -0.57, 1.0]]\n"
     ]
    }
   ],
   "source": [
    "datos_exe = []\n",
    "\n",
    "def conjunto_datos():\n",
    "    with open('datasetRegLog.txt', 'r') as archivos:\n",
    "        lineas = archivos.read().splitlines()\n",
    "        for linea in lineas:\n",
    "            matrix = [\"Leyendo datos ando: \"]\n",
    "            for data in linea.split(';'):\n",
    "                matrix.append(round(float(data), 2))\n",
    "            datos_exe.append(matrix)\n",
    "    print(datos_exe)\n",
    "conjunto_datos()"
   ]
  },
  {
   "cell_type": "code",
   "execution_count": 9,
   "metadata": {},
   "outputs": [
    {
     "name": "stdout",
     "output_type": "stream",
     "text": [
      "[[ 2.84159548  0.43124456]\n",
      " [ 1.92352205  4.14877723]\n",
      " [ 1.0220286   4.11660348]\n",
      " [ 1.44193252  2.76754364]\n",
      " [ 1.74438135  0.99506383]\n",
      " [ 0.76241061  1.16471453]\n",
      " [ 1.1312175   4.68194985]\n",
      " [ 1.15369622  3.90200639]\n",
      " [ 3.54975207 -1.17232137]\n",
      " [ 0.62835793  4.4601363 ]\n",
      " [ 0.08848433  2.32299086]\n",
      " [ 2.21177406  1.1298447 ]\n",
      " [ 2.82705807  1.72116781]\n",
      " [ 2.0159847  -0.27042984]\n",
      " [ 3.00468833  0.9852149 ]\n",
      " [-0.63762777  4.09104705]\n",
      " [-0.73000011  6.25456272]\n",
      " [ 1.956815    0.23418537]\n",
      " [ 0.63120661  0.40434378]\n",
      " [ 2.57854418  0.72611733]\n",
      " [ 2.47034915  4.09862906]\n",
      " [ 0.87305123  4.71438583]\n",
      " [ 0.34194798  3.94104616]\n",
      " [ 1.40285894  0.50671028]\n",
      " [ 1.4178305   0.50039185]\n",
      " [-0.18887976  5.20461381]\n",
      " [ 2.74508569  2.19950989]\n",
      " [ 2.48152625  1.57457169]\n",
      " [ 0.02458305  2.96215652]\n",
      " [ 1.91931782  2.03455502]\n",
      " [ 2.03824711  1.2768154 ]\n",
      " [ 0.30193742  4.33561789]\n",
      " [ 0.4666179   3.86571303]\n",
      " [ 1.41164912 -1.32573949]\n",
      " [ 4.21850347  2.23419161]\n",
      " [ 1.68608568  0.65828448]\n",
      " [ 1.0427873   4.60625923]\n",
      " [ 0.95088418  0.94982874]\n",
      " [ 1.18454506  5.28042636]\n",
      " [ 4.31457647  0.85540651]\n",
      " [ 2.85942078  2.95602827]\n",
      " [ 1.24190326 -0.56876067]\n",
      " [ 0.11898772  1.08644226]\n",
      " [ 1.02102468  1.57925818]\n",
      " [-0.51498751  4.74317903]\n",
      " [ 1.84070628  3.56162231]\n",
      " [ 0.54111653  6.15305106]\n",
      " [ 2.84382807  3.32650945]\n",
      " [ 2.89921211  5.78430212]\n",
      " [ 2.15504965  4.12386249]\n",
      " [ 0.57309313  5.5262324 ]\n",
      " [-0.19685333  6.24740851]\n",
      " [ 2.57915855  0.98608575]\n",
      " [ 1.09932252  0.55168188]\n",
      " [ 0.08080352  4.69068983]\n",
      " [ 0.5626511   3.55633252]\n",
      " [ 1.36321767  2.43404071]\n",
      " [ 0.06897171  4.35573272]\n",
      " [ 0.28170222  4.15415279]\n",
      " [ 1.01001416  2.10880895]\n",
      " [ 2.19722068  0.57833524]\n",
      " [ 2.96544643  1.21488188]\n",
      " [ 0.1631238   2.57750473]\n",
      " [ 1.92238694  0.59987278]\n",
      " [ 3.18190344 -0.18226785]\n",
      " [ 0.9867701   6.08965782]\n",
      " [ 2.84382904  5.20983199]\n",
      " [ 1.28933778  3.44969159]\n",
      " [-0.07228289  2.88376939]\n",
      " [ 1.70536064  4.43277024]\n",
      " [ 0.51447051  0.96092565]\n",
      " [ 0.70826671  5.10624372]\n",
      " [-0.29421492  5.27318404]\n",
      " [ 2.97612635  1.21639131]\n",
      " [ 0.10547293  3.72493766]\n",
      " [ 2.46452227  6.1996765 ]\n",
      " [ 1.65581849  1.26771955]\n",
      " [ 1.59973502  0.91514282]\n",
      " [ 0.46546494  3.12315514]\n",
      " [ 0.206354    4.84303652]\n",
      " [ 2.91209813  0.24663807]\n",
      " [ 0.58894326  4.00148458]\n",
      " [ 1.7373078   4.42546234]\n",
      " [ 1.35269561  3.20438654]\n",
      " [ 0.47232912  1.50804304]\n",
      " [ 3.24329731  1.21460627]\n",
      " [ 3.15492712  1.55292739]\n",
      " [ 4.35918422 -0.16235216]\n",
      " [ 1.59034945  5.225994  ]\n",
      " [ 3.2460247   2.84942165]\n",
      " [ 1.37227679  3.21072582]\n",
      " [-0.09448254  5.35823905]\n",
      " [ 1.27450825  5.63017322]\n",
      " [ 1.10318217  4.70577669]\n",
      " [ 1.11082127  0.48761397]\n",
      " [ 1.42717996  0.41663654]\n",
      " [ 0.06344785  5.42080362]\n",
      " [-0.33963733  3.84220272]\n",
      " [ 1.64856484  4.71124916]\n",
      " [ 1.55723507  2.82719571]\n",
      " [ 0.86640826  0.39084731]\n",
      " [ 0.23151526  3.47734879]\n",
      " [ 2.68049897 -0.704394  ]\n",
      " [ 0.74874067  2.55579434]\n",
      " [ 2.5490093   0.78155972]\n",
      " [ 1.42013331  4.63746165]\n",
      " [ 1.9263585   4.15243012]\n",
      " [ 0.66471755  4.35995267]\n",
      " [ 1.93710348  0.21748546]\n",
      " [ 2.20656076  5.50616718]\n",
      " [ 1.25185786  0.20811388]\n",
      " [ 1.45895348  0.84509636]\n",
      " [ 1.33263648  5.0103605 ]\n",
      " [ 3.20759909  1.97728225]\n",
      " [ 0.94808785  4.7321192 ]\n",
      " [-1.57671974  4.95740592]\n",
      " [ 2.45431387 -1.8749291 ]\n",
      " [ 1.32967014 -0.4857003 ]\n",
      " [ 1.37861172  3.61897724]\n",
      " [ 1.05505217 -0.64710744]\n",
      " [-0.65392827  4.76656958]\n",
      " [-0.27652528  5.08127768]\n",
      " [ 0.90779887  0.45984362]\n",
      " [ 0.11504439  6.21385228]\n",
      " [ 2.69539905 -0.71929238]\n",
      " [ 0.90802847  6.01713005]\n",
      " [ 1.59167155  1.37914513]\n",
      " [ 1.14294357  4.93881876]\n",
      " [ 2.5763324   0.32187569]\n",
      " [ 2.0309414   0.15963275]\n",
      " [ 2.33519212  0.79951327]\n",
      " [ 1.31570453  2.44067826]\n",
      " [ 2.15299249  1.48061734]\n",
      " [ 0.89908509  1.67886176]\n",
      " [ 0.30380963  3.94423417]\n",
      " [ 4.01117983  1.28775698]\n",
      " [ 3.35941485  5.24826681]\n",
      " [ 2.34161121  1.50650749]\n",
      " [ 1.12031365  5.75806083]\n",
      " [ 2.11567076  3.06896151]\n",
      " [ 1.70127361 -0.47728763]\n",
      " [ 0.340424    4.98022062]\n",
      " [ 1.74625455 -0.77834015]\n",
      " [ 1.45795145  0.65974193]\n",
      " [ 1.94472686  1.91783637]\n",
      " [ 2.74680627  1.5924128 ]\n",
      " [ 1.5528609   4.09548857]\n",
      " [ 0.829832    1.74202664]\n",
      " [ 2.50904929  5.7731461 ]\n",
      " [ 1.51240605  1.31371371]]\n",
      "\n",
      "[1. 0. 0. 0. 1. 1. 0. 0. 1. 0. 0. 1. 1. 1. 1. 0. 0. 1. 1. 1. 0. 0. 0. 1.\n",
      " 1. 0. 1. 1. 1. 1. 1. 0. 0. 1. 1. 1. 0. 1. 0. 1. 0. 1. 1. 1. 0. 0. 0. 0.\n",
      " 0. 0. 0. 0. 1. 1. 0. 0. 1. 0. 0. 1. 1. 1. 0. 1. 1. 0. 0. 0. 0. 0. 1. 0.\n",
      " 0. 1. 0. 0. 1. 1. 0. 0. 1. 0. 0. 0. 1. 1. 1. 1. 0. 0. 0. 0. 0. 0. 1. 1.\n",
      " 0. 0. 0. 1. 1. 0. 1. 1. 1. 0. 0. 0. 1. 0. 1. 1. 0. 1. 0. 0. 1. 1. 0. 1.\n",
      " 0. 0. 1. 0. 1. 0. 1. 0. 1. 1. 1. 1. 1. 1. 0. 1. 0. 1. 0. 0. 1. 0. 1. 1.\n",
      " 1. 1. 0. 1. 0. 1.]\n",
      "\n",
      "En total hay 150 filas\n"
     ]
    }
   ],
   "source": [
    "import numpy as np\n",
    "\n",
    "dataSet = np.loadtxt(\"datasetRegLog1.txt\",delimiter=';') # cargando dataset\n",
    "\n",
    "x = dataSet[:,[0,1]]\n",
    "y = dataSet[:,2]\n",
    "\n",
    "n = int((np.size(dataSet))/len(dataSet[0]))  # Numero de filas\n",
    "\n",
    "print(x)\n",
    "print()\n",
    "print(y)\n",
    "print()\n",
    "print(f\"En total hay {n} filas\")"
   ]
  },
  {
   "cell_type": "code",
   "execution_count": 13,
   "metadata": {},
   "outputs": [
    {
     "data": {
      "text/plain": [
       "[[0.0,\n",
       "  666.11,\n",
       "  281.11,\n",
       "  395.6,\n",
       "  291.2,\n",
       "  326.27,\n",
       "  640.8,\n",
       "  426.88,\n",
       "  600.19,\n",
       "  561.47,\n",
       "  1040.97,\n",
       "  655.02,\n",
       "  975.0,\n",
       "  1120.77,\n",
       "  299.04,\n",
       "  260.05,\n",
       "  429.53,\n",
       "  161.55,\n",
       "  305.0,\n",
       "  210.06,\n",
       "  286.92,\n",
       "  46.1,\n",
       "  181.18,\n",
       "  274.59,\n",
       "  410.03,\n",
       "  728.97,\n",
       "  798.51,\n",
       "  707.0,\n",
       "  406.26,\n",
       "  360.07,\n",
       "  146.37,\n",
       "  90.55,\n",
       "  827.31,\n",
       "  135.09,\n",
       "  121.66,\n",
       "  125.0,\n",
       "  207.97,\n",
       "  240.42,\n",
       "  166.21,\n",
       "  208.93,\n",
       "  395.38,\n",
       "  565.8,\n",
       "  463.82,\n",
       "  154.43,\n",
       "  240.21,\n",
       "  279.87,\n",
       "  791.28,\n",
       "  267.3,\n",
       "  64.03,\n",
       "  217.08,\n",
       "  789.38,\n",
       "  1220.46],\n",
       " [666.11,\n",
       "  0.0,\n",
       "  649.33,\n",
       "  1047.09,\n",
       "  945.15,\n",
       "  978.08,\n",
       "  45.0,\n",
       "  956.15,\n",
       "  1134.96,\n",
       "  1132.98,\n",
       "  1638.79,\n",
       "  1258.59,\n",
       "  1440.08,\n",
       "  1515.73,\n",
       "  957.82,\n",
       "  724.03,\n",
       "  494.77,\n",
       "  595.48,\n",
       "  843.4,\n",
       "  564.47,\n",
       "  392.46,\n",
       "  636.42,\n",
       "  509.83,\n",
       "  921.79,\n",
       "  1028.85,\n",
       "  1191.51,\n",
       "  1301.51,\n",
       "  1243.72,\n",
       "  635.02,\n",
       "  390.45,\n",
       "  541.23,\n",
       "  730.0,\n",
       "  1488.71,\n",
       "  782.08,\n",
       "  776.98,\n",
       "  785.0,\n",
       "  857.7,\n",
       "  896.94,\n",
       "  827.96,\n",
       "  869.74,\n",
       "  896.17,\n",
       "  102.59,\n",
       "  1123.71,\n",
       "  744.88,\n",
       "  823.29,\n",
       "  859.08,\n",
       "  1151.27,\n",
       "  910.3,\n",
       "  728.01,\n",
       "  596.26,\n",
       "  1421.56,\n",
       "  1716.05],\n",
       " [281.11,\n",
       "  649.33,\n",
       "  0.0,\n",
       "  603.51,\n",
       "  508.94,\n",
       "  542.52,\n",
       "  610.57,\n",
       "  308.06,\n",
       "  485.64,\n",
       "  487.26,\n",
       "  1266.69,\n",
       "  891.36,\n",
       "  1247.76,\n",
       "  1399.73,\n",
       "  504.88,\n",
       "  537.4,\n",
       "  217.31,\n",
       "  134.63,\n",
       "  207.0,\n",
       "  440.96,\n",
       "  288.53,\n",
       "  240.52,\n",
       "  361.18,\n",
       "  505.69,\n",
       "  652.53,\n",
       "  1005.94,\n",
       "  1067.64,\n",
       "  970.32,\n",
       "  651.25,\n",
       "  504.21,\n",
       "  208.93,\n",
       "  245.2,\n",
       "  903.4,\n",
       "  393.61,\n",
       "  373.66,\n",
       "  367.7,\n",
       "  447.47,\n",
       "  462.09,\n",
       "  392.24,\n",
       "  426.88,\n",
       "  246.98,\n",
       "  550.09,\n",
       "  556.6,\n",
       "  434.19,\n",
       "  219.83,\n",
       "  552.68,\n",
       "  1072.31,\n",
       "  504.8,\n",
       "  288.49,\n",
       "  463.25,\n",
       "  995.31,\n",
       "  1483.59],\n",
       " [395.6,\n",
       "  1047.09,\n",
       "  603.51,\n",
       "  0.0,\n",
       "  104.4,\n",
       "  69.64,\n",
       "  1026.36,\n",
       "  525.0,\n",
       "  611.0,\n",
       "  533.9,\n",
       "  663.19,\n",
       "  294.36,\n",
       "  711.07,\n",
       "  897.01,\n",
       "  100.12,\n",
       "  384.22,\n",
       "  800.25,\n",
       "  532.35,\n",
       "  474.68,\n",
       "  500.62,\n",
       "  681.49,\n",
       "  436.61,\n",
       "  537.7,\n",
       "  125.3,\n",
       "  109.2,\n",
       "  516.24,\n",
       "  526.81,\n",
       "  417.43,\n",
       "  579.87,\n",
       "  689.53,\n",
       "  540.86,\n",
       "  370.54,\n",
       "  517.35,\n",
       "  266.55,\n",
       "  275.14,\n",
       "  270.6,\n",
       "  190.39,\n",
       "  155.24,\n",
       "  230.49,\n",
       "  188.28,\n",
       "  544.54,\n",
       "  950.33,\n",
       "  245.2,\n",
       "  307.0,\n",
       "  411.1,\n",
       "  230.71,\n",
       "  659.56,\n",
       "  137.3,\n",
       "  345.25,\n",
       "  477.62,\n",
       "  397.02,\n",
       "  908.64],\n",
       " [291.2,\n",
       "  945.15,\n",
       "  508.94,\n",
       "  104.4,\n",
       "  0.0,\n",
       "  35.36,\n",
       "  923.59,\n",
       "  470.56,\n",
       "  583.63,\n",
       "  513.47,\n",
       "  760.81,\n",
       "  382.43,\n",
       "  769.04,\n",
       "  944.31,\n",
       "  25.0,\n",
       "  309.23,\n",
       "  700.07,\n",
       "  430.46,\n",
       "  400.78,\n",
       "  406.6,\n",
       "  577.17,\n",
       "  332.45,\n",
       "  436.84,\n",
       "  31.62,\n",
       "  150.08,\n",
       "  552.27,\n",
       "  584.14,\n",
       "  478.59,\n",
       "  509.75,\n",
       "  594.35,\n",
       "  436.61,\n",
       "  270.19,\n",
       "  589.96,\n",
       "  163.25,\n",
       "  170.88,\n",
       "  166.21,\n",
       "  87.46,\n",
       "  50.99,\n",
       "  126.59,\n",
       "  85.15,\n",
       "  479.5,\n",
       "  847.66,\n",
       "  266.69,\n",
       "  212.25,\n",
       "  331.21,\n",
       "  170.66,\n",
       "  673.59,\n",
       "  47.43,\n",
       "  241.87,\n",
       "  386.68,\n",
       "  499.92,\n",
       "  984.44],\n",
       " [326.27,\n",
       "  978.08,\n",
       "  542.52,\n",
       "  69.64,\n",
       "  35.36,\n",
       "  0.0,\n",
       "  957.04,\n",
       "  491.55,\n",
       "  596.01,\n",
       "  523.26,\n",
       "  726.1,\n",
       "  349.28,\n",
       "  744.19,\n",
       "  922.78,\n",
       "  40.31,\n",
       "  328.82,\n",
       "  735.02,\n",
       "  465.67,\n",
       "  427.93,\n",
       "  435.23,\n",
       "  611.9,\n",
       "  367.73,\n",
       "  469.07,\n",
       "  57.01,\n",
       "  124.2,\n",
       "  533.34,\n",
       "  559.13,\n",
       "  452.22,\n",
       "  528.02,\n",
       "  623.7,\n",
       "  471.83,\n",
       "  305.04,\n",
       "  568.24,\n",
       "  196.98,\n",
       "  205.55,\n",
       "  201.31,\n",
       "  120.83,\n",
       "  86.31,\n",
       "  161.94,\n",
       "  120.42,\n",
       "  504.01,\n",
       "  881.04,\n",
       "  260.05,\n",
       "  240.83,\n",
       "  360.07,\n",
       "  182.0,\n",
       "  661.91,\n",
       "  70.71,\n",
       "  277.22,\n",
       "  413.79,\n",
       "  464.57,\n",
       "  954.9],\n",
       " [640.8,\n",
       "  45.0,\n",
       "  610.57,\n",
       "  1026.36,\n",
       "  923.59,\n",
       "  957.04,\n",
       "  0.0,\n",
       "  918.1,\n",
       "  1095.92,\n",
       "  1095.73,\n",
       "  1627.42,\n",
       "  1245.2,\n",
       "  1440.31,\n",
       "  1521.73,\n",
       "  935.36,\n",
       "  713.86,\n",
       "  451.25,\n",
       "  562.25,\n",
       "  807.0,\n",
       "  551.77,\n",
       "  361.73,\n",
       "  609.14,\n",
       "  491.17,\n",
       "  901.18,\n",
       "  1012.42,\n",
       "  1190.09,\n",
       "  1297.79,\n",
       "  1236.74,\n",
       "  636.97,\n",
       "  385.52,\n",
       "  511.52,\n",
       "  701.23,\n",
       "  1459.63,\n",
       "  760.35,\n",
       "  754.2,\n",
       "  761.58,\n",
       "  836.32,\n",
       "  874.71,\n",
       "  804.39,\n",
       "  846.54,\n",
       "  857.55,\n",
       "  76.16,\n",
       "  1094.81,\n",
       "  727.0,\n",
       "  789.38,\n",
       "  844.42,\n",
       "  1156.83,\n",
       "  890.18,\n",
       "  701.73,\n",
       "  584.64,\n",
       "  1405.08,\n",
       "  1715.07],\n",
       " [426.88,\n",
       "  956.15,\n",
       "  308.06,\n",
       "  525.0,\n",
       "  470.56,\n",
       "  491.55,\n",
       "  918.1,\n",
       "  0.0,\n",
       "  183.44,\n",
       "  180.35,\n",
       "  1144.9,\n",
       "  812.05,\n",
       "  1234.34,\n",
       "  1414.23,\n",
       "  452.55,\n",
       "  660.98,\n",
       "  506.58,\n",
       "  381.22,\n",
       "  125.9,\n",
       "  635.96,\n",
       "  580.39,\n",
       "  415.03,\n",
       "  586.73,\n",
       "  486.54,\n",
       "  615.55,\n",
       "  1022.8,\n",
       "  1049.4,\n",
       "  941.08,\n",
       "  831.04,\n",
       "  758.77,\n",
       "  457.22,\n",
       "  338.71,\n",
       "  645.16,\n",
       "  455.0,\n",
       "  435.46,\n",
       "  421.54,\n",
       "  460.57,\n",
       "  446.01,\n",
       "  413.82,\n",
       "  421.57,\n",
       "  64.03,\n",
       "  855.86,\n",
       "  359.03,\n",
       "  529.74,\n",
       "  187.42,\n",
       "  598.54,\n",
       "  1135.89,\n",
       "  495.1,\n",
       "  383.44,\n",
       "  643.82,\n",
       "  860.15,\n",
       "  1430.47],\n",
       " [600.19,\n",
       "  1134.96,\n",
       "  485.64,\n",
       "  611.0,\n",
       "  583.63,\n",
       "  596.01,\n",
       "  1095.92,\n",
       "  183.44,\n",
       "  0.0,\n",
       "  83.22,\n",
       "  1165.61,\n",
       "  873.86,\n",
       "  1316.76,\n",
       "  1507.12,\n",
       "  561.47,\n",
       "  817.95,\n",
       "  670.32,\n",
       "  564.65,\n",
       "  308.06,\n",
       "  810.25,\n",
       "  763.22,\n",
       "  593.04,\n",
       "  766.55,\n",
       "  606.24,\n",
       "  714.18,\n",
       "  1126.11,\n",
       "  1134.55,\n",
       "  1024.46,\n",
       "  998.21,\n",
       "  940.49,\n",
       "  640.31,\n",
       "  510.02,\n",
       "  570.2,\n",
       "  606.98,\n",
       "  589.43,\n",
       "  574.67,\n",
       "  596.09,\n",
       "  571.95,\n",
       "  557.85,\n",
       "  555.0,\n",
       "  239.27,\n",
       "  1035.59,\n",
       "  389.94,\n",
       "  685.58,\n",
       "  360.87,\n",
       "  733.89,\n",
       "  1257.06,\n",
       "  617.84,\n",
       "  550.57,\n",
       "  815.14,\n",
       "  883.23,\n",
       "  1486.78],\n",
       " [561.47,\n",
       "  1132.98,\n",
       "  487.26,\n",
       "  533.9,\n",
       "  513.47,\n",
       "  523.26,\n",
       "  1095.73,\n",
       "  180.35,\n",
       "  83.22,\n",
       "  0.0,\n",
       "  1082.65,\n",
       "  792.09,\n",
       "  1236.58,\n",
       "  1428.29,\n",
       "  490.43,\n",
       "  763.69,\n",
       "  686.48,\n",
       "  547.95,\n",
       "  290.9,\n",
       "  770.28,\n",
       "  751.48,\n",
       "  560.29,\n",
       "  734.93,\n",
       "  537.82,\n",
       "  638.85,\n",
       "  1049.98,\n",
       "  1055.05,\n",
       "  944.93,\n",
       "  950.05,\n",
       "  912.14,\n",
       "  619.29,\n",
       "  471.01,\n",
       "  500.9,\n",
       "  552.27,\n",
       "  536.14,\n",
       "  521.18,\n",
       "  533.67,\n",
       "  506.21,\n",
       "  499.92,\n",
       "  492.44,\n",
       "  243.98,\n",
       "  1031.95,\n",
       "  307.77,\n",
       "  631.98,\n",
       "  329.01,\n",
       "  669.65,\n",
       "  1185.17,\n",
       "  550.27,\n",
       "  507.0,\n",
       "  771.96,\n",
       "  800.08,\n",
       "  1404.04],\n",
       " [1040.97,\n",
       "  1638.79,\n",
       "  1266.69,\n",
       "  663.19,\n",
       "  760.81,\n",
       "  726.1,\n",
       "  1627.42,\n",
       "  1144.9,\n",
       "  1165.61,\n",
       "  1082.65,\n",
       "  0.0,\n",
       "  387.07,\n",
       "  442.72,\n",
       "  619.56,\n",
       "  762.36,\n",
       "  914.82,\n",
       "  1460.69,\n",
       "  1190.09,\n",
       "  1124.3,\n",
       "  1075.66,\n",
       "  1314.17,\n",
       "  1085.56,\n",
       "  1143.53,\n",
       "  770.02,\n",
       "  631.27,\n",
       "  541.04,\n",
       "  417.43,\n",
       "  417.64,\n",
       "  1042.41,\n",
       "  1250.97,\n",
       "  1186.78,\n",
       "  1030.98,\n",
       "  706.13,\n",
       "  905.88,\n",
       "  920.34,\n",
       "  920.05,\n",
       "  835.06,\n",
       "  810.39,\n",
       "  885.13,\n",
       "  845.53,\n",
       "  1180.04,\n",
       "  1552.32,\n",
       "  789.24,\n",
       "  912.92,\n",
       "  1067.95,\n",
       "  786.67,\n",
       "  705.16,\n",
       "  775.06,\n",
       "  1000.01,\n",
       "  1042.93,\n",
       "  285.04,\n",
       "  398.56],\n",
       " [655.02,\n",
       "  1258.59,\n",
       "  891.36,\n",
       "  294.36,\n",
       "  382.43,\n",
       "  349.28,\n",
       "  1245.2,\n",
       "  812.05,\n",
       "  873.86,\n",
       "  792.09,\n",
       "  387.07,\n",
       "  0.0,\n",
       "  452.13,\n",
       "  653.24,\n",
       "  388.1,\n",
       "  537.7,\n",
       "  1078.36,\n",
       "  806.88,\n",
       "  768.85,\n",
       "  694.14,\n",
       "  927.16,\n",
       "  700.02,\n",
       "  758.17,\n",
       "  387.62,\n",
       "  245.0,\n",
       "  335.04,\n",
       "  283.24,\n",
       "  182.48,\n",
       "  688.19,\n",
       "  874.64,\n",
       "  800.39,\n",
       "  650.58,\n",
       "  584.21,\n",
       "  520.0,\n",
       "  535.21,\n",
       "  535.84,\n",
       "  451.0,\n",
       "  429.94,\n",
       "  503.02,\n",
       "  465.3,\n",
       "  836.32,\n",
       "  1169.63,\n",
       "  484.38,\n",
       "  526.12,\n",
       "  705.3,\n",
       "  401.4,\n",
       "  517.42,\n",
       "  391.15,\n",
       "  616.64,\n",
       "  662.59,\n",
       "  188.22,\n",
       "  618.57],\n",
       " [975.0,\n",
       "  1440.08,\n",
       "  1247.76,\n",
       "  711.07,\n",
       "  769.04,\n",
       "  744.19,\n",
       "  1440.31,\n",
       "  1234.34,\n",
       "  1316.76,\n",
       "  1236.58,\n",
       "  442.72,\n",
       "  452.13,\n",
       "  0.0,\n",
       "  205.55,\n",
       "  784.09,\n",
       "  759.28,\n",
       "  1399.51,\n",
       "  1136.54,\n",
       "  1169.47,\n",
       "  919.92,\n",
       "  1194.76,\n",
       "  1020.42,\n",
       "  1008.19,\n",
       "  759.95,\n",
       "  620.08,\n",
       "  254.02,\n",
       "  185.07,\n",
       "  293.64,\n",
       "  805.25,\n",
       "  1056.18,\n",
       "  1103.65,\n",
       "  1004.15,\n",
       "  1010.36,\n",
       "  854.18,\n",
       "  874.31,\n",
       "  881.19,\n",
       "  806.92,\n",
       "  804.32,\n",
       "  862.7,\n",
       "  836.38,\n",
       "  1248.08,\n",
       "  1371.31,\n",
       "  930.86,\n",
       "  821.72,\n",
       "  1098.33,\n",
       "  696.02,\n",
       "  324.42,\n",
       "  755.86,\n",
       "  959.28,\n",
       "  884.59,\n",
       "  539.68,\n",
       "  278.66],\n",
       " [1120.77,\n",
       "  1515.73,\n",
       "  1399.73,\n",
       "  897.01,\n",
       "  944.31,\n",
       "  922.78,\n",
       "  1521.73,\n",
       "  1414.23,\n",
       "  1507.12,\n",
       "  1428.29,\n",
       "  619.56,\n",
       "  653.24,\n",
       "  205.55,\n",
       "  0.0,\n",
       "  961.69,\n",
       "  883.88,\n",
       "  1534.22,\n",
       "  1280.67,\n",
       "  1340.63,\n",
       "  1034.65,\n",
       "  1313.2,\n",
       "  1164.69,\n",
       "  1127.21,\n",
       "  931.36,\n",
       "  799.16,\n",
       "  396.01,\n",
       "  374.43,\n",
       "  484.17,\n",
       "  887.43,\n",
       "  1146.48,\n",
       "  1238.79,\n",
       "  1160.87,\n",
       "  1215.91,\n",
       "  1009.72,\n",
       "  1030.59,\n",
       "  1039.25,\n",
       "  971.4,\n",
       "  974.59,\n",
       "  1026.16,\n",
       "  1004.45,\n",
       "  1423.04,\n",
       "  1457.48,\n",
       "  1125.28,\n",
       "  966.4,\n",
       "  1267.57,\n",
       "  848.76,\n",
       "  364.97,\n",
       "  925.22,\n",
       "  1113.56,\n",
       "  1000.12,\n",
       "  744.65,\n",
       "  318.9],\n",
       " [299.04,\n",
       "  957.82,\n",
       "  504.88,\n",
       "  100.12,\n",
       "  25.0,\n",
       "  40.31,\n",
       "  935.36,\n",
       "  452.55,\n",
       "  561.47,\n",
       "  490.43,\n",
       "  762.36,\n",
       "  388.1,\n",
       "  784.09,\n",
       "  961.69,\n",
       "  0.0,\n",
       "  332.42,\n",
       "  700.16,\n",
       "  432.35,\n",
       "  387.62,\n",
       "  424.79,\n",
       "  585.88,\n",
       "  338.6,\n",
       "  451.05,\n",
       "  55.9,\n",
       "  164.01,\n",
       "  571.07,\n",
       "  599.04,\n",
       "  492.37,\n",
       "  533.13,\n",
       "  611.66,\n",
       "  443.0,\n",
       "  270.42,\n",
       "  568.7,\n",
       "  176.14,\n",
       "  181.18,\n",
       "  174.64,\n",
       "  102.59,\n",
       "  61.03,\n",
       "  132.85,\n",
       "  90.14,\n",
       "  464.0,\n",
       "  859.59,\n",
       "  241.87,\n",
       "  231.14,\n",
       "  319.88,\n",
       "  195.58,\n",
       "  695.59,\n",
       "  71.59,\n",
       "  246.22,\n",
       "  406.08,\n",
       "  497.04,\n",
       "  995.11],\n",
       " [260.05,\n",
       "  724.03,\n",
       "  537.4,\n",
       "  384.22,\n",
       "  309.23,\n",
       "  328.82,\n",
       "  713.86,\n",
       "  660.98,\n",
       "  817.95,\n",
       "  763.69,\n",
       "  914.82,\n",
       "  537.7,\n",
       "  759.28,\n",
       "  883.88,\n",
       "  332.42,\n",
       "  0.0,\n",
       "  650.71,\n",
       "  407.83,\n",
       "  548.86,\n",
       "  165.08,\n",
       "  435.49,\n",
       "  297.07,\n",
       "  249.1,\n",
       "  277.71,\n",
       "  326.5,\n",
       "  505.69,\n",
       "  597.54,\n",
       "  525.86,\n",
       "  200.81,\n",
       "  337.08,\n",
       "  356.72,\n",
       "  330.95,\n",
       "  897.06,\n",
       "  211.48,\n",
       "  228.53,\n",
       "  243.31,\n",
       "  244.18,\n",
       "  283.77,\n",
       "  265.05,\n",
       "  282.18,\n",
       "  640.78,\n",
       "  639.53,\n",
       "  570.09,\n",
       "  132.38,\n",
       "  476.37,\n",
       "  155.72,\n",
       "  539.49,\n",
       "  261.96,\n",
       "  281.82,\n",
       "  130.38,\n",
       "  710.11,\n",
       "  1022.67],\n",
       " [429.53,\n",
       "  494.77,\n",
       "  217.31,\n",
       "  800.25,\n",
       "  700.07,\n",
       "  735.02,\n",
       "  451.25,\n",
       "  506.58,\n",
       "  670.32,\n",
       "  686.48,\n",
       "  1460.69,\n",
       "  1078.36,\n",
       "  1399.51,\n",
       "  1534.22,\n",
       "  700.16,\n",
       "  650.71,\n",
       "  0.0,\n",
       "  271.66,\n",
       "  421.1,\n",
       "  512.08,\n",
       "  253.03,\n",
       "  383.44,\n",
       "  418.0,\n",
       "  691.16,\n",
       "  834.34,\n",
       "  1149.48,\n",
       "  1226.02,\n",
       "  1136.33,\n",
       "  707.42,\n",
       "  492.39,\n",
       "  296.18,\n",
       "  430.0,\n",
       "  1120.29,\n",
       "  561.47,\n",
       "  544.52,\n",
       "  542.79,\n",
       "  627.42,\n",
       "  650.31,\n",
       "  575.78,\n",
       "  615.18,\n",
       "  442.63,\n",
       "  408.07,\n",
       "  773.26,\n",
       "  579.01,\n",
       "  436.58,\n",
       "  708.25,\n",
       "  1187.7,\n",
       "  687.2,\n",
       "  461.74,\n",
       "  543.62,\n",
       "  1196.51,\n",
       "  1649.37],\n",
       " [161.55,\n",
       "  595.48,\n",
       "  134.63,\n",
       "  532.35,\n",
       "  430.46,\n",
       "  465.67,\n",
       "  562.25,\n",
       "  381.22,\n",
       "  564.65,\n",
       "  547.95,\n",
       "  1190.09,\n",
       "  806.88,\n",
       "  1136.54,\n",
       "  1280.67,\n",
       "  432.35,\n",
       "  407.83,\n",
       "  271.66,\n",
       "  0.0,\n",
       "  258.12,\n",
       "  306.47,\n",
       "  205.24,\n",
       "  116.3,\n",
       "  229.4,\n",
       "  420.12,\n",
       "  562.69,\n",
       "  890.0,\n",
       "  959.91,\n",
       "  867.44,\n",
       "  516.77,\n",
       "  385.03,\n",
       "  80.16,\n",
       "  162.79,\n",
       "  903.24,\n",
       "  290.26,\n",
       "  272.95,\n",
       "  271.15,\n",
       "  355.88,\n",
       "  380.13,\n",
       "  305.0,\n",
       "  345.33,\n",
       "  330.49,\n",
       "  492.98,\n",
       "  541.13,\n",
       "  315.36,\n",
       "  228.04,\n",
       "  441.28,\n",
       "  946.0,\n",
       "  415.75,\n",
       "  190.26,\n",
       "  328.67,\n",
       "  929.37,\n",
       "  1381.2],\n",
       " [305.0,\n",
       "  843.4,\n",
       "  207.0,\n",
       "  474.68,\n",
       "  400.78,\n",
       "  427.93,\n",
       "  807.0,\n",
       "  125.9,\n",
       "  308.06,\n",
       "  290.9,\n",
       "  1124.3,\n",
       "  768.85,\n",
       "  1169.47,\n",
       "  1340.63,\n",
       "  387.62,\n",
       "  548.86,\n",
       "  421.1,\n",
       "  258.12,\n",
       "  0.0,\n",
       "  512.45,\n",
       "  460.65,\n",
       "  290.17,\n",
       "  460.98,\n",
       "  410.03,\n",
       "  550.68,\n",
       "  945.48,\n",
       "  984.73,\n",
       "  879.33,\n",
       "  711.0,\n",
       "  632.95,\n",
       "  332.42,\n",
       "  219.83,\n",
       "  700.59,\n",
       "  350.89,\n",
       "  330.19,\n",
       "  317.57,\n",
       "  371.25,\n",
       "  366.23,\n",
       "  318.9,\n",
       "  336.34,\n",
       "  91.92,\n",
       "  741.92,\n",
       "  367.76,\n",
       "  420.39,\n",
       "  75.0,\n",
       "  504.48,\n",
       "  1044.84,\n",
       "  415.48,\n",
       "  267.44,\n",
       "  521.97,\n",
       "  843.45,\n",
       "  1381.96],\n",
       " [210.06,\n",
       "  564.47,\n",
       "  440.96,\n",
       "  500.62,\n",
       "  406.6,\n",
       "  435.23,\n",
       "  551.77,\n",
       "  635.96,\n",
       "  810.25,\n",
       "  770.28,\n",
       "  1075.66,\n",
       "  694.14,\n",
       "  919.92,\n",
       "  1034.65,\n",
       "  424.79,\n",
       "  165.08,\n",
       "  512.08,\n",
       "  306.47,\n",
       "  512.45,\n",
       "  0.0,\n",
       "  278.57,\n",
       "  223.61,\n",
       "  94.34,\n",
       "  378.45,\n",
       "  467.39,\n",
       "  665.9,\n",
       "  761.64,\n",
       "  690.89,\n",
       "  210.3,\n",
       "  189.01,\n",
       "  236.01,\n",
       "  300.37,\n",
       "  990.01,\n",
       "  256.56,\n",
       "  261.77,\n",
       "  275.05,\n",
       "  322.68,\n",
       "  365.55,\n",
       "  313.85,\n",
       "  348.17,\n",
       "  601.04,\n",
       "  476.71,\n",
       "  638.16,\n",
       "  194.49,\n",
       "  450.03,\n",
       "  295.47,\n",
       "  679.78,\n",
       "  364.59,\n",
       "  263.87,\n",
       "  35.36,\n",
       "  859.07,\n",
       "  1186.09],\n",
       " [286.92,\n",
       "  392.46,\n",
       "  288.53,\n",
       "  681.49,\n",
       "  577.17,\n",
       "  611.9,\n",
       "  361.73,\n",
       "  580.39,\n",
       "  763.22,\n",
       "  751.48,\n",
       "  1314.17,\n",
       "  927.16,\n",
       "  1194.76,\n",
       "  1313.2,\n",
       "  585.88,\n",
       "  435.49,\n",
       "  253.03,\n",
       "  205.24,\n",
       "  460.65,\n",
       "  278.57,\n",
       "  0.0,\n",
       "  250.6,\n",
       "  186.82,\n",
       "  558.41,\n",
       "  684.73,\n",
       "  941.08,\n",
       "  1030.97,\n",
       "  952.22,\n",
       "  459.16,\n",
       "  241.51,\n",
       "  150.0,\n",
       "  340.04,\n",
       "  1097.96,\n",
       "  416.2,\n",
       "  406.36,\n",
       "  411.4,\n",
       "  491.86,\n",
       "  526.71,\n",
       "  453.1,\n",
       "  495.81,\n",
       "  525.02,\n",
       "  289.91,\n",
       "  733.25,\n",
       "  401.53,\n",
       "  433.04,\n",
       "  530.38,\n",
       "  957.55,\n",
       "  549.48,\n",
       "  344.42,\n",
       "  313.13,\n",
       "  1072.01,\n",
       "  1456.71],\n",
       " [46.1,\n",
       "  636.42,\n",
       "  240.52,\n",
       "  436.61,\n",
       "  332.45,\n",
       "  367.73,\n",
       "  609.14,\n",
       "  415.03,\n",
       "  593.04,\n",
       "  560.29,\n",
       "  1085.56,\n",
       "  700.02,\n",
       "  1020.42,\n",
       "  1164.69,\n",
       "  338.6,\n",
       "  297.07,\n",
       "  383.44,\n",
       "  116.3,\n",
       "  290.17,\n",
       "  223.61,\n",
       "  250.6,\n",
       "  0.0,\n",
       "  174.64,\n",
       "  317.53,\n",
       "  455.03,\n",
       "  773.71,\n",
       "  844.33,\n",
       "  753.08,\n",
       "  428.51,\n",
       "  352.6,\n",
       "  104.4,\n",
       "  97.08,\n",
       "  852.95,\n",
       "  180.07,\n",
       "  165.3,\n",
       "  166.88,\n",
       "  251.25,\n",
       "  281.47,\n",
       "  206.16,\n",
       "  248.65,\n",
       "  377.69,\n",
       "  535.02,\n",
       "  488.11,\n",
       "  199.06,\n",
       "  232.65,\n",
       "  325.73,\n",
       "  832.41,\n",
       "  311.01,\n",
       "  93.94,\n",
       "  237.17,\n",
       "  831.87,\n",
       "  1266.49],\n",
       " [181.18,\n",
       "  509.83,\n",
       "  361.18,\n",
       "  537.7,\n",
       "  436.84,\n",
       "  469.07,\n",
       "  491.17,\n",
       "  586.73,\n",
       "  766.55,\n",
       "  734.93,\n",
       "  1143.53,\n",
       "  758.17,\n",
       "  1008.19,\n",
       "  1127.21,\n",
       "  451.05,\n",
       "  249.1,\n",
       "  418.0,\n",
       "  229.4,\n",
       "  460.98,\n",
       "  94.34,\n",
       "  186.82,\n",
       "  174.64,\n",
       "  0.0,\n",
       "  412.46,\n",
       "  521.78,\n",
       "  754.4,\n",
       "  845.93,\n",
       "  770.15,\n",
       "  296.02,\n",
       "  179.23,\n",
       "  152.32,\n",
       "  267.44,\n",
       "  1001.96,\n",
       "  275.0,\n",
       "  272.81,\n",
       "  282.93,\n",
       "  349.46,\n",
       "  390.03,\n",
       "  325.58,\n",
       "  365.55,\n",
       "  545.02,\n",
       "  415.03,\n",
       "  641.13,\n",
       "  235.85,\n",
       "  406.97,\n",
       "  356.93,\n",
       "  773.69,\n",
       "  400.66,\n",
       "  244.39,\n",
       "  127.48,\n",
       "  914.17,\n",
       "  1271.42],\n",
       " [274.59,\n",
       "  921.79,\n",
       "  505.69,\n",
       "  125.3,\n",
       "  31.62,\n",
       "  57.01,\n",
       "  901.18,\n",
       "  486.54,\n",
       "  606.24,\n",
       "  537.82,\n",
       "  770.02,\n",
       "  387.62,\n",
       "  759.95,\n",
       "  931.36,\n",
       "  55.9,\n",
       "  277.71,\n",
       "  691.16,\n",
       "  420.12,\n",
       "  410.03,\n",
       "  378.45,\n",
       "  558.41,\n",
       "  317.53,\n",
       "  412.46,\n",
       "  0.0,\n",
       "  147.05,\n",
       "  537.4,\n",
       "  575.61,\n",
       "  472.07,\n",
       "  478.17,\n",
       "  566.79,\n",
       "  420.86,\n",
       "  263.06,\n",
       "  620.85,\n",
       "  142.3,\n",
       "  152.97,\n",
       "  150.75,\n",
       "  66.71,\n",
       "  44.72,\n",
       "  115.43,\n",
       "  79.06,\n",
       "  491.76,\n",
       "  825.12,\n",
       "  297.7,\n",
       "  183.98,\n",
       "  338.38,\n",
       "  140.09,\n",
       "  652.55,\n",
       "  15.81,\n",
       "  230.0,\n",
       "  357.53,\n",
       "  514.81,\n",
       "  981.54],\n",
       " [410.03,\n",
       "  1028.85,\n",
       "  652.53,\n",
       "  109.2,\n",
       "  150.08,\n",
       "  124.2,\n",
       "  1012.42,\n",
       "  615.55,\n",
       "  714.18,\n",
       "  638.85,\n",
       "  631.27,\n",
       "  245.0,\n",
       "  620.08,\n",
       "  799.16,\n",
       "  164.01,\n",
       "  326.5,\n",
       "  834.34,\n",
       "  562.69,\n",
       "  550.68,\n",
       "  467.39,\n",
       "  684.73,\n",
       "  455.03,\n",
       "  521.78,\n",
